1:100000
4
Brasov-Sacele:3.000000
Brasov-Rasnov:3.500000
Codlea-Brasov:5.000000
Cristian-Rasnov:1.500000
